function [phvel] = Get_PREM_LoveWave1stOvertonePhvel(period)
%predicts phase velocity for the 1st overtone for Love waves for PREM
 T = [757.9234
  695.0426
  630.8419
  571.1987
  519.2715
  475.2788
  438.4637
  407.7343
  381.7245
  359.2444
  339.8153
  322.5454
  307.0961
  293.3326
  280.8755
  269.4333
  259.1004
  249.5308
  240.8273
  232.7106
  225.2038
  218.2419
  211.7690
  205.8036
  200.1652
  194.8879
  189.9391
  185.2900
  180.8631
  176.7422
  172.8049
  169.1302
  165.5648
  162.2304
  159.0277
  155.9877
  153.0618
  150.2795
  147.6312
  145.0412
  142.6052
  140.2184
  137.9404
  135.7353
  133.6279
  131.5850
  129.6037
  127.6811
  125.8147
  124.0266
  122.2885
  120.5986
  118.9547
  117.3550
  115.7977
  114.3021
  112.8446
  111.4040
  110.0190
  108.6680
  107.3498
  106.0632
  104.8071
  103.5804
  102.3820
  101.2274
  100.0826
   98.9634
   97.8842
   96.8133
   95.7803
   94.7547
   93.7649
   92.7818
   91.8326
   90.9026
   89.9783
   89.0853
   88.2098
   87.3392
   86.4976
   85.6720
   84.8620
   84.0672
   83.2872
   82.5215
   81.7697
   81.0315
   80.3066
   79.5944
   78.8948
   78.2074
   77.5319
   76.8679
   76.2153
   75.5736
   74.9426
   74.3220
   73.7203
   73.1198
   72.5290
   71.9476
   71.3755
   70.8204
   70.2660
   69.7202
   69.1905
   68.6612
   68.1400
   67.6339
   67.1280
   66.6297
   66.1458
   65.6619
   65.1850
   64.7217
   64.2584
   63.8081
   63.3577
   62.9199
   62.4820
   62.0562
   61.6301
   61.2158
   60.8011
   60.3978
   59.9941
   59.6015
   59.2083
   58.8258
   58.4428
   58.0701
   57.7021
   57.3336
   56.9748
   56.6206
   56.2657
   55.9201
   55.5788
   55.2368
   54.9038
   54.5747
   54.2449
   53.9237
   53.6062
   53.2925
   52.9824
   52.6715
   52.3686
   52.0692
   51.7731
   51.4804
   51.1910
   50.9007
   50.6178
   50.3380
   50.0612
   49.7875
   49.5168
   49.2490
   48.9841
   48.7220
   48.4627
   48.2061
   47.9523
   47.7011
   47.4525
   47.2065
   46.9630
   46.7221
   46.4836
   46.2475
   46.0172
   45.7858
   45.5567
   45.3300
   45.1054
   44.8831
   44.6661
   44.4481
   44.2322
   44.0184
   43.8066
   43.5999
   43.3922
   43.1864
   42.9855
   42.7835
   42.5834
   42.3852
   42.1917
   41.9971
   41.8043
   41.6160
   41.4267
   41.2418
   41.0558
   40.8716
   40.6916
   40.5105
   40.3337
   40.1558
   39.9821
   39.8073
   39.6340
   39.4648
   39.2945
   39.1281
   38.9607
   38.7971
   38.6325
   38.4716
   38.3098
   38.1516
   37.9924
   37.8368
   37.6803
   37.5272
   37.3754
   37.2227
   37.0733
   36.9230
   36.7760
   36.6281
   36.4835
   36.3379
   36.1955
   36.0522
   35.9121
   35.7731
   35.6331
   35.4962
   35.3584
   35.2236
   35.0879
   34.9551
   34.8215
   34.6907
   34.5610
   34.4303
   34.3025
   34.1737
   34.0478
   33.9210
   33.7969
   33.6719
   33.5497
   33.4265
   33.3060
   33.1847
   33.0659
   32.9463
   32.8292
   32.7113
   32.5959
   32.4796
   32.3659
   32.2512
   32.1391
   32.0260
   31.9138
   31.8039
   31.6932
   31.5849
   31.4757
   31.3673
   31.2612
   31.1542
   31.0495
   30.9440
   30.8392
   30.7366
   30.6332
   30.5305
   30.4300
   30.3286
   30.2280
   30.1280
   30.0300
   29.9313
   29.8333
   29.7359
   29.6405
   29.5443
   29.4488
   29.3538
   29.2595
   29.1671
   29.0740
   28.9815
   28.8895
   28.7982
   28.7074
   28.6172
   28.5275
   28.4384
   28.3499
   28.2619
   28.1745
   28.0876
   28.0012
   27.9153
   27.8300
   27.7452
   27.6610
   27.5772
   27.4939
   27.4112
   27.3289
   27.2471
   27.1658
   27.0839
   27.0035
   26.9237
   26.8443
   26.7654
   26.6870
   26.6079
   26.5304
   26.4533
   26.3756
   26.2994
   26.2236
   26.1483
   26.0724
   25.9980
   25.9239
   25.8493
   25.7761
   25.7023
   25.6300
   25.5580
   25.4855
   25.4143
   25.3426
   25.2722
   25.2013
   25.1317
   25.0616
   24.9928
   24.9234
   24.8554
   24.7867
   24.7185
   24.6515
   24.5840
   24.5178
   24.4510
   24.3846
   24.3195
   24.2538
   24.1884
   24.1243
   24.0597
   23.9954
   23.9314
   23.8687
   23.8054
   23.7424
   23.6798
   23.6183
   23.5564
   23.4947
   23.4334
   23.3723
   23.3116
   23.2521
   23.1920
   23.1323
   23.0728
   23.0136
   22.9548
   22.8962
   22.8380
   22.7800
   22.7224
   22.6650
   22.6079
   22.5511
   22.4946
   22.4383
   22.3824
   22.3267
   22.2713
   22.2162
   22.1613
   22.1068
   22.0525
   21.9984
   21.9446
   21.8903
   21.8371
   21.7841
   21.7314
   21.6789
   21.6266
   21.5739
   21.5222
   21.4707
   21.4195
   21.3685
   21.3170
   21.2665
   21.2162
   21.1655
   21.1157
   21.0661
   21.0168
   20.9670
   20.9182
   20.8695
   20.8204
   20.7722
   20.7243
   20.6759
   20.6283
   20.5810
   20.5333
   20.4864
   20.4391
   20.3927
   20.3464
   20.2998
   20.2540
   20.2077
   20.1623
   20.1165
   20.0715
   20.0261
   19.9815
   19.9365
   19.8923
   19.8477
   19.8039
   19.7597
   19.7163
   19.6725
   19.6294
   19.5860
   19.5433
   19.5003
   19.4580
   19.4153
   19.3728
   19.3311
   19.2890
   19.2476
   19.2058
   19.1642
   19.1234
   19.0822
   19.0411
   19.0008
   18.9601
   18.9196
   18.8798
   18.8396
   18.7995
   18.7603
   18.7206
   18.6811
   18.6423
   18.6031
   18.5640
   18.5252
   18.4870
   18.4485
   18.4101
   18.3719
   18.3344
   18.2965
   18.2587
   18.2211
   18.1842
   18.1469
   18.1098
   18.0728
   18.0360
   17.9998
   17.9632
   17.9269
   17.8906
   17.8545
   17.8186
   17.7833
   17.7476
   17.7121
   17.6767
   17.6415
   17.6064
   17.5714
   17.5371
   17.5024
   17.4678
   17.4334
   17.3992
   17.3650
   17.3310
   17.2971];

